Driver: GTiff/GeoTIFF
Files: Org/20250510/c_gls_FCOVER300-RT0_QL_202505100000_AFRI_OLCI_V1.1.1.tiff
Size is 1512, 1344
Coordinate System is:
GEOGCRS["WGS 84",
    DATUM["World Geodetic System 1984",
        ELLIPSOID["WGS 84",6378137,298.257223563,
            LENGTHUNIT["metre",1]]],
    PRIMEM["Greenwich",0,
        ANGLEUNIT["degree",0.0174532925199433]],
    CS[ellipsoidal,2],
        AXIS["geodetic latitude (Lat)",north,
            ORDER[1],
            ANGLEUNIT["degree",0.0174532925199433]],
        AXIS["geodetic longitude (Lon)",east,
            ORDER[2],
            ANGLEUNIT["degree",0.0174532925199433]],
    ID["EPSG",4326]]
Data axis to CRS axis mapping: 2,1
Origin = (-30.001488095238095,40.001488095238095)
Pixel Size = (0.059523809523796,-0.059523809523796)
Metadata:
  AREA_OR_POINT=Area
Image Structure Metadata:
  COMPRESSION=LZW
  INTERLEAVE=BAND
Corner Coordinates:
Upper Left  ( -30.0014881,  40.0014881) ( 30d 0' 5.36"W, 40d 0' 5.36"N)
Lower Left  ( -30.0014881, -39.9985119) ( 30d 0' 5.36"W, 39d59'54.64"S)
Upper Right (  59.9985119,  40.0014881) ( 59d59'54.64"E, 40d 0' 5.36"N)
Lower Right (  59.9985119, -39.9985119) ( 59d59'54.64"E, 39d59'54.64"S)
Center      (  14.9985119,   0.0014881) ( 14d59'54.64"E,  0d 0' 5.36"N)
Band 1 Block=1512x5 Type=Byte, ColorInterp=Palette
  Color Table (RGB with 256 entries)
    0: 140,92,8,255
    1: 141,93,8,255
    2: 142,95,8,255
    3: 144,97,8,255
    4: 145,99,9,255
    5: 146,101,9,255
    6: 148,103,9,255
    7: 149,105,9,255
    8: 151,107,10,255
    9: 152,109,10,255
   10: 153,111,10,255
   11: 155,113,10,255
   12: 156,115,11,255
   13: 158,117,11,255
   14: 159,119,11,255
   15: 160,121,11,255
   16: 162,123,12,255
   17: 163,125,12,255
   18: 164,127,12,255
   19: 166,129,13,255
   20: 167,131,13,255
   21: 169,133,13,255
   22: 170,135,13,255
   23: 171,137,14,255
   24: 173,139,14,255
   25: 174,141,14,255
   26: 176,143,14,255
   27: 177,145,15,255
   28: 178,146,15,255
   29: 180,148,15,255
   30: 181,150,15,255
   31: 182,152,16,255
   32: 184,154,16,255
   33: 185,156,16,255
   34: 187,158,17,255
   35: 188,160,17,255
   36: 189,162,17,255
   37: 191,164,17,255
   38: 192,166,18,255
   39: 194,168,18,255
   40: 195,170,18,255
   41: 196,172,18,255
   42: 198,174,19,255
   43: 199,176,19,255
   44: 200,178,19,255
   45: 202,180,19,255
   46: 203,182,20,255
   47: 205,184,20,255
   48: 206,186,20,255
   49: 207,188,20,255
   50: 209,190,21,255
   51: 210,192,21,255
   52: 212,194,21,255
   53: 213,196,22,255
   54: 214,198,22,255
   55: 216,200,22,255
   56: 217,201,22,255
   57: 218,203,23,255
   58: 220,205,23,255
   59: 221,207,23,255
   60: 223,209,23,255
   61: 224,211,24,255
   62: 225,213,24,255
   63: 227,215,24,255
   64: 228,217,24,255
   65: 230,219,25,255
   66: 231,221,25,255
   67: 232,223,25,255
   68: 234,225,26,255
   69: 235,227,26,255
   70: 236,229,26,255
   71: 238,231,26,255
   72: 239,233,27,255
   73: 241,235,27,255
   74: 242,237,27,255
   75: 243,239,27,255
   76: 245,241,28,255
   77: 246,243,28,255
   78: 248,245,28,255
   79: 249,247,28,255
   80: 250,249,29,255
   81: 252,251,29,255
   82: 253,253,29,255
   83: 255,255,30,255
   84: 253,254,29,255
   85: 251,253,29,255
   86: 250,252,29,255
   87: 248,251,29,255
   88: 247,250,29,255
   89: 245,249,28,255
   90: 244,248,28,255
   91: 242,247,28,255
   92: 241,246,28,255
   93: 239,245,28,255
   94: 238,244,28,255
   95: 236,243,27,255
   96: 235,242,27,255
   97: 233,242,27,255
   98: 232,241,27,255
   99: 230,240,27,255
  100: 229,239,26,255
  101: 227,238,26,255
  102: 225,237,26,255
  103: 224,236,26,255
  104: 222,235,26,255
  105: 221,234,26,255
  106: 219,233,25,255
  107: 218,232,25,255
  108: 216,231,25,255
  109: 215,230,25,255
  110: 213,229,25,255
  111: 212,229,24,255
  112: 210,228,24,255
  113: 209,227,24,255
  114: 207,226,24,255
  115: 206,225,24,255
  116: 204,224,24,255
  117: 203,223,23,255
  118: 201,222,23,255
  119: 200,221,23,255
  120: 198,220,23,255
  121: 196,219,23,255
  122: 195,218,22,255
  123: 193,217,22,255
  124: 192,216,22,255
  125: 190,216,22,255
  126: 189,215,22,255
  127: 187,214,22,255
  128: 186,213,21,255
  129: 184,212,21,255
  130: 183,211,21,255
  131: 181,210,21,255
  132: 180,209,21,255
  133: 178,208,21,255
  134: 177,207,20,255
  135: 175,206,20,255
  136: 174,205,20,255
  137: 172,204,20,255
  138: 171,203,20,255
  139: 169,203,19,255
  140: 167,202,19,255
  141: 166,201,19,255
  142: 164,200,19,255
  143: 163,199,19,255
  144: 161,198,19,255
  145: 160,197,18,255
  146: 158,196,18,255
  147: 157,195,18,255
  148: 155,194,18,255
  149: 154,193,18,255
  150: 152,192,17,255
  151: 151,191,17,255
  152: 149,190,17,255
  153: 148,190,17,255
  154: 146,189,17,255
  155: 145,188,17,255
  156: 143,187,16,255
  157: 142,186,16,255
  158: 140,185,16,255
  159: 138,184,16,255
  160: 137,183,16,255
  161: 135,182,15,255
  162: 134,181,15,255
  163: 132,180,15,255
  164: 131,179,15,255
  165: 129,178,15,255
  166: 128,177,15,255
  167: 126,177,14,255
  168: 125,176,14,255
  169: 123,175,14,255
  170: 122,174,14,255
  171: 120,173,14,255
  172: 119,172,14,255
  173: 117,171,13,255
  174: 116,170,13,255
  175: 114,169,13,255
  176: 112,168,13,255
  177: 111,167,13,255
  178: 109,166,12,255
  179: 108,165,12,255
  180: 106,164,12,255
  181: 105,164,12,255
  182: 103,163,12,255
  183: 102,162,12,255
  184: 100,161,11,255
  185: 99,160,11,255
  186: 97,159,11,255
  187: 96,158,11,255
  188: 94,157,11,255
  189: 93,156,10,255
  190: 91,155,10,255
  191: 90,154,10,255
  192: 88,153,10,255
  193: 87,152,10,255
  194: 85,151,10,255
  195: 83,151,9,255
  196: 82,150,9,255
  197: 80,149,9,255
  198: 79,148,9,255
  199: 77,147,9,255
  200: 76,146,8,255
  201: 74,145,8,255
  202: 73,144,8,255
  203: 71,143,8,255
  204: 70,142,8,255
  205: 68,141,8,255
  206: 67,140,7,255
  207: 65,139,7,255
  208: 64,138,7,255
  209: 62,138,7,255
  210: 61,137,7,255
  211: 59,136,7,255
  212: 58,135,6,255
  213: 56,134,6,255
  214: 54,133,6,255
  215: 53,132,6,255
  216: 51,131,6,255
  217: 50,130,5,255
  218: 48,129,5,255
  219: 47,128,5,255
  220: 45,127,5,255
  221: 44,126,5,255
  222: 42,125,5,255
  223: 41,125,4,255
  224: 39,124,4,255
  225: 38,123,4,255
  226: 36,122,4,255
  227: 35,121,4,255
  228: 33,120,3,255
  229: 32,119,3,255
  230: 30,118,3,255
  231: 29,117,3,255
  232: 27,116,3,255
  233: 25,115,3,255
  234: 24,114,2,255
  235: 22,113,2,255
  236: 21,112,2,255
  237: 19,112,2,255
  238: 18,111,2,255
  239: 16,110,1,255
  240: 15,109,1,255
  241: 13,108,1,255
  242: 12,107,1,255
  243: 10,106,1,255
  244: 9,105,1,255
  245: 7,104,0,255
  246: 6,103,0,255
  247: 4,102,0,255
  248: 3,101,0,255
  249: 1,100,0,255
  250: 0,100,0,255
  251: 255,255,255,255
  252: 255,255,255,255
  253: 255,255,255,255
  254: 255,255,255,255
  255: 255,255,255,255