Driver: GTiff/GeoTIFF
Files: Org/20250510/c_gls_FAPAR300-RT0_QL_202505100000_AFRI_OLCI_V1.1.1.tiff
Size is 1512, 1344
Coordinate System is:
GEOGCRS["WGS 84",
    DATUM["World Geodetic System 1984",
        ELLIPSOID["WGS 84",6378137,298.257223563,
            LENGTHUNIT["metre",1]]],
    PRIMEM["Greenwich",0,
        ANGLEUNIT["degree",0.0174532925199433]],
    CS[ellipsoidal,2],
        AXIS["geodetic latitude (Lat)",north,
            ORDER[1],
            ANGLEUNIT["degree",0.0174532925199433]],
        AXIS["geodetic longitude (Lon)",east,
            ORDER[2],
            ANGLEUNIT["degree",0.0174532925199433]],
    ID["EPSG",4326]]
Data axis to CRS axis mapping: 2,1
Origin = (-30.001488095238095,40.001488095238095)
Pixel Size = (0.059523809523796,-0.059523809523796)
Metadata:
  AREA_OR_POINT=Area
Image Structure Metadata:
  COMPRESSION=LZW
  INTERLEAVE=BAND
Corner Coordinates:
Upper Left  ( -30.0014881,  40.0014881) ( 30d 0' 5.36"W, 40d 0' 5.36"N)
Lower Left  ( -30.0014881, -39.9985119) ( 30d 0' 5.36"W, 39d59'54.64"S)
Upper Right (  59.9985119,  40.0014881) ( 59d59'54.64"E, 40d 0' 5.36"N)
Lower Right (  59.9985119, -39.9985119) ( 59d59'54.64"E, 39d59'54.64"S)
Center      (  14.9985119,   0.0014881) ( 14d59'54.64"E,  0d 0' 5.36"N)
Band 1 Block=1512x5 Type=Byte, ColorInterp=Palette
  Color Table (RGB with 256 entries)
    0: 32,16,0,255
    1: 35,19,0,255
    2: 39,23,0,255
    3: 42,27,0,255
    4: 46,31,0,255
    5: 49,34,0,255
    6: 53,38,0,255
    7: 56,42,0,255
    8: 60,46,0,255
    9: 63,49,0,255
   10: 67,53,0,255
   11: 70,57,0,255
   12: 74,61,0,255
   13: 77,64,0,255
   14: 81,68,0,255
   15: 84,72,0,255
   16: 88,76,0,255
   17: 91,79,0,255
   18: 95,83,0,255
   19: 98,87,0,255
   20: 102,91,0,255
   21: 105,94,0,255
   22: 109,98,0,255
   23: 112,102,0,255
   24: 116,106,0,255
   25: 119,110,0,255
   26: 123,113,0,255
   27: 126,117,0,255
   28: 130,121,0,255
   29: 133,125,0,255
   30: 137,128,0,255
   31: 140,132,0,255
   32: 144,136,0,255
   33: 147,140,0,255
   34: 151,143,0,255
   35: 154,147,0,255
   36: 158,151,0,255
   37: 161,155,0,255
   38: 165,158,0,255
   39: 168,162,0,255
   40: 172,166,0,255
   41: 175,170,0,255
   42: 179,173,0,255
   43: 182,177,0,255
   44: 186,181,0,255
   45: 189,185,0,255
   46: 193,188,0,255
   47: 196,192,0,255
   48: 200,196,0,255
   49: 203,200,0,255
   50: 207,204,0,255
   51: 207,204,0,255
   52: 208,205,0,255
   53: 209,206,0,255
   54: 209,207,0,255
   55: 210,207,0,255
   56: 211,208,0,255
   57: 212,209,0,255
   58: 212,210,0,255
   59: 213,210,0,255
   60: 214,211,0,255
   61: 214,212,0,255
   62: 215,213,0,255
   63: 216,213,0,255
   64: 217,214,0,255
   65: 217,215,0,255
   66: 218,216,0,255
   67: 219,216,0,255
   68: 219,217,0,255
   69: 220,218,0,255
   70: 221,219,0,255
   71: 222,219,0,255
   72: 222,220,0,255
   73: 223,221,0,255
   74: 224,222,0,255
   75: 224,223,0,255
   76: 225,223,0,255
   77: 226,224,0,255
   78: 227,225,0,255
   79: 227,226,0,255
   80: 228,226,0,255
   81: 229,227,0,255
   82: 229,228,0,255
   83: 230,229,0,255
   84: 231,229,0,255
   85: 232,230,0,255
   86: 232,231,0,255
   87: 233,232,0,255
   88: 234,232,0,255
   89: 234,233,0,255
   90: 235,234,0,255
   91: 236,235,0,255
   92: 237,235,0,255
   93: 237,236,0,255
   94: 238,237,0,255
   95: 239,238,0,255
   96: 239,239,0,255
   97: 240,239,0,255
   98: 241,240,0,255
   99: 242,241,0,255
  100: 242,242,0,255
  101: 243,242,0,255
  102: 244,243,0,255
  103: 244,244,0,255
  104: 245,245,0,255
  105: 246,245,0,255
  106: 247,246,0,255
  107: 247,247,0,255
  108: 248,248,0,255
  109: 249,248,0,255
  110: 249,249,0,255
  111: 250,250,0,255
  112: 251,251,0,255
  113: 252,251,0,255
  114: 252,252,0,255
  115: 253,253,0,255
  116: 254,254,0,255
  117: 255,255,0,255
  118: 254,253,0,255
  119: 253,252,0,255
  120: 252,251,0,255
  121: 251,250,0,255
  122: 250,249,0,255
  123: 250,248,0,255
  124: 249,247,0,255
  125: 248,246,0,255
  126: 247,245,0,255
  127: 246,244,0,255
  128: 246,243,0,255
  129: 245,242,0,255
  130: 244,240,0,255
  131: 243,239,0,255
  132: 242,238,0,255
  133: 242,237,0,255
  134: 241,236,0,255
  135: 240,235,0,255
  136: 239,234,0,255
  137: 238,233,0,255
  138: 238,232,0,255
  139: 237,231,0,255
  140: 236,230,0,255
  141: 235,229,0,255
  142: 234,228,0,255
  143: 234,226,0,255
  144: 233,225,0,255
  145: 232,224,0,255
  146: 231,223,0,255
  147: 230,222,0,255
  148: 230,221,0,255
  149: 229,220,0,255
  150: 228,219,0,255
  151: 227,218,0,255
  152: 226,217,0,255
  153: 226,216,0,255
  154: 225,215,0,255
  155: 224,214,0,255
  156: 223,212,0,255
  157: 222,211,0,255
  158: 222,210,0,255
  159: 221,209,0,255
  160: 220,208,0,255
  161: 219,207,0,255
  162: 218,206,0,255
  163: 218,205,0,255
  164: 217,204,0,255
  165: 216,203,0,255
  166: 215,202,0,255
  167: 214,201,0,255
  168: 214,200,0,255
  169: 214,197,0,255
  170: 215,194,0,255
  171: 215,191,0,255
  172: 216,188,0,255
  173: 217,185,0,255
  174: 217,182,0,255
  175: 218,179,0,255
  176: 218,176,0,255
  177: 219,173,0,255
  178: 220,170,0,255
  179: 220,167,0,255
  180: 221,164,0,255
  181: 221,161,0,255
  182: 222,158,0,255
  183: 223,155,0,255
  184: 223,152,0,255
  185: 224,149,0,255
  186: 225,146,0,255
  187: 225,143,0,255
  188: 226,140,0,255
  189: 226,137,0,255
  190: 227,134,0,255
  191: 228,131,0,255
  192: 228,128,0,255
  193: 229,125,0,255
  194: 229,122,0,255
  195: 230,119,0,255
  196: 231,116,0,255
  197: 231,113,0,255
  198: 232,110,0,255
  199: 232,107,0,255
  200: 233,104,0,255
  201: 234,101,0,255
  202: 234,98,0,255
  203: 235,95,0,255
  204: 236,92,0,255
  205: 236,89,0,255
  206: 237,86,0,255
  207: 237,83,0,255
  208: 238,80,0,255
  209: 239,77,0,255
  210: 239,74,0,255
  211: 240,71,0,255
  212: 240,68,0,255
  213: 241,65,0,255
  214: 242,62,0,255
  215: 242,59,0,255
  216: 243,56,0,255
  217: 243,53,0,255
  218: 244,50,0,255
  219: 245,47,0,255
  220: 245,44,0,255
  221: 246,41,0,255
  222: 247,38,0,255
  223: 247,35,0,255
  224: 248,32,0,255
  225: 248,29,0,255
  226: 249,26,0,255
  227: 250,23,0,255
  228: 250,20,0,255
  229: 251,17,0,255
  230: 251,14,0,255
  231: 252,11,0,255
  232: 253,8,0,255
  233: 253,5,0,255
  234: 254,2,0,255
  235: 255,0,0,255
  236: 255,255,255,255
  237: 255,255,255,255
  238: 255,255,255,255
  239: 255,255,255,255
  240: 255,255,255,255
  241: 255,255,255,255
  242: 255,255,255,255
  243: 255,255,255,255
  244: 255,255,255,255
  245: 255,255,255,255
  246: 255,255,255,255
  247: 255,255,255,255
  248: 255,255,255,255
  249: 255,255,255,255
  250: 255,255,255,255
  251: 255,255,255,255
  252: 255,255,255,255
  253: 255,255,255,255
  254: 255,255,255,255
  255: 255,255,255,255