Driver: GTiff/GeoTIFF
Files: 20250510/c_gls_DMP300-RT0_QL_202505100000_AFRI_OLCI_V1.1.1.tiff
Size is 1512, 1344
Coordinate System is:
GEOGCRS["WGS 84",
    DATUM["World Geodetic System 1984",
        ELLIPSOID["WGS 84",6378137,298.257223563,
            LENGTHUNIT["metre",1]]],
    PRIMEM["Greenwich",0,
        ANGLEUNIT["degree",0.0174532925199433]],
    CS[ellipsoidal,2],
        AXIS["geodetic latitude (Lat)",north,
            ORDER[1],
            ANGLEUNIT["degree",0.0174532925199433]],
        AXIS["geodetic longitude (Lon)",east,
            ORDER[2],
            ANGLEUNIT["degree",0.0174532925199433]],
    ID["EPSG",4326]]
Data axis to CRS axis mapping: 2,1
Origin = (-30.001488094555981,40.001488095247190)
Pixel Size = (0.059523809524080,-0.059523809523796)
Metadata:
  AREA_OR_POINT=Area
Image Structure Metadata:
  COMPRESSION=LZW
  INTERLEAVE=BAND
Corner Coordinates:
Upper Left  ( -30.0014881,  40.0014881) ( 30d 0' 5.36"W, 40d 0' 5.36"N)
Lower Left  ( -30.0014881, -39.9985119) ( 30d 0' 5.36"W, 39d59'54.64"S)
Upper Right (  59.9985119,  40.0014881) ( 59d59'54.64"E, 40d 0' 5.36"N)
Lower Right (  59.9985119, -39.9985119) ( 59d59'54.64"E, 39d59'54.64"S)
Center      (  14.9985119,   0.0014881) ( 14d59'54.64"E,  0d 0' 5.36"N)
Band 1 Block=1512x5 Type=Byte, ColorInterp=Palette
  Color Table (RGB with 256 entries)
    0: 0,0,0,255
    1: 255,80,0,255
    2: 255,83,0,255
    3: 255,86,0,255
    4: 255,89,0,255
    5: 255,92,0,255
    6: 255,95,0,255
    7: 255,98,0,255
    8: 255,101,0,255
    9: 255,104,0,255
   10: 255,107,0,255
   11: 255,110,0,255
   12: 255,113,0,255
   13: 255,116,0,255
   14: 255,120,4,255
   15: 255,123,4,255
   16: 255,126,4,255
   17: 255,129,4,255
   18: 255,132,4,255
   19: 255,135,4,255
   20: 255,138,4,255
   21: 255,141,4,255
   22: 255,144,4,255
   23: 255,147,4,255
   24: 255,150,4,255
   25: 255,153,4,255
   26: 255,156,4,255
   27: 255,159,4,255
   28: 255,161,4,255
   29: 255,165,8,255
   30: 255,167,8,255
   31: 255,168,8,255
   32: 255,169,8,255
   33: 255,170,8,255
   34: 255,172,8,255
   35: 255,173,8,255
   36: 255,174,8,255
   37: 255,177,8,255
   38: 255,178,8,255
   39: 255,179,8,255
   40: 255,181,8,255
   41: 255,182,8,255
   42: 255,183,8,255
   43: 255,184,8,255
   44: 255,185,8,255
   45: 255,186,8,255
   46: 255,187,8,255
   47: 255,190,8,255
   48: 255,191,8,255
   49: 255,193,4,255
   50: 255,194,4,255
   51: 255,196,4,255
   52: 255,197,4,255
   53: 255,199,4,255
   54: 255,200,4,255
   55: 255,201,4,255
   56: 255,203,4,255
   57: 255,204,4,255
   58: 255,206,4,255
   59: 255,207,4,255
   60: 255,209,4,255
   61: 255,210,4,255
   62: 255,212,4,255
   63: 255,213,4,255
   64: 255,215,0,255
   65: 255,217,0,255
   66: 255,218,0,255
   67: 255,220,0,255
   68: 255,221,0,255
   69: 255,223,0,255
   70: 255,224,0,255
   71: 255,226,0,255
   72: 255,227,0,255
   73: 255,229,0,255
   74: 255,230,0,255
   75: 255,231,0,255
   76: 255,232,0,255
   77: 255,233,0,255
   78: 255,234,0,255
   79: 255,235,0,255
   80: 255,236,0,255
   81: 255,237,0,255
   82: 255,240,0,255
   83: 255,241,0,255
   84: 255,242,0,255
   85: 255,243,0,255
   86: 255,244,0,255
   87: 255,245,0,255
   88: 255,246,0,255
   89: 255,247,0,255
   90: 255,248,0,255
   91: 255,249,0,255
   92: 255,250,0,255
   93: 255,251,0,255
   94: 255,252,0,255
   95: 255,253,0,255
   96: 255,254,0,255
   97: 255,255,0,255
   98: 253,255,1,255
   99: 251,255,3,255
  100: 249,255,4,255
  101: 247,255,6,255
  102: 245,255,7,255
  103: 243,255,9,255
  104: 241,255,10,255
  105: 239,255,12,255
  106: 237,255,13,255
  107: 235,255,15,255
  108: 233,255,16,255
  109: 230,255,18,255
  110: 228,255,19,255
  111: 226,255,21,255
  112: 224,255,22,255
  113: 222,255,24,255
  114: 220,255,25,255
  115: 217,255,27,255
  116: 214,255,28,255
  117: 211,255,30,255
  118: 208,255,31,255
  119: 205,255,33,255
  120: 202,255,34,255
  121: 199,255,36,255
  122: 196,255,37,255
  123: 193,255,39,255
  124: 191,255,40,255
  125: 188,255,42,255
  126: 185,255,43,255
  127: 182,255,44,255
  128: 179,255,45,255
  129: 176,255,46,255
  130: 173,255,47,255
  131: 170,255,47,255
  132: 165,255,47,255
  133: 160,255,46,255
  134: 155,255,45,255
  135: 150,255,45,255
  136: 145,255,44,255
  137: 140,255,43,255
  138: 135,255,42,255
  139: 130,255,41,255
  140: 125,255,40,255
  141: 120,255,40,255
  142: 115,255,39,255
  143: 110,255,38,255
  144: 105,255,37,255
  145: 100,255,36,255
  146: 95,255,35,255
  147: 90,255,35,255
  148: 85,255,34,255
  149: 80,255,33,255
  150: 75,255,32,255
  151: 70,255,31,255
  152: 65,255,30,255
  153: 60,255,30,255
  154: 55,255,29,255
  155: 50,255,28,255
  156: 45,255,27,255
  157: 40,255,25,255
  158: 35,255,25,255
  159: 30,255,24,255
  160: 30,255,23,255
  161: 25,255,22,255
  162: 20,255,21,255
  163: 20,255,20,255
  164: 20,255,20,255
  165: 20,253,20,255
  166: 20,253,20,255
  167: 20,253,20,255
  168: 18,252,18,255
  169: 18,252,18,255
  170: 18,250,18,255
  171: 18,248,18,255
  172: 18,246,16,255
  173: 16,244,16,255
  174: 16,242,16,255
  175: 16,240,16,255
  176: 16,238,14,255
  177: 16,236,14,255
  178: 14,234,14,255
  179: 14,232,14,255
  180: 14,230,12,255
  181: 14,228,12,255
  182: 14,226,12,255
  183: 12,224,12,255
  184: 12,222,10,255
  185: 12,220,10,255
  186: 12,218,10,255
  187: 12,216,10,255
  188: 12,214,10,255
  189: 10,212,10,255
  190: 10,210,8,255
  191: 10,208,8,255
  192: 10,206,8,255
  193: 10,204,8,255
  194: 10,200,8,255
  195: 10,195,8,255
  196: 10,190,8,255
  197: 10,188,8,255
  198: 8,186,8,255
  199: 8,184,8,255
  200: 8,182,6,255
  201: 8,180,6,255
  202: 8,178,6,255
  203: 8,176,6,255
  204: 8,174,6,255
  205: 8,172,6,255
  206: 8,170,6,255
  207: 6,168,4,255
  208: 6,166,4,255
  209: 6,164,4,255
  210: 6,162,4,255
  211: 6,160,4,255
  212: 6,158,4,255
  213: 6,156,2,255
  214: 4,154,2,255
  215: 4,152,2,255
  216: 4,150,2,255
  217: 4,148,2,255
  218: 4,146,2,255
  219: 4,144,2,255
  220: 4,142,2,255
  221: 2,140,2,255
  222: 2,138,2,255
  223: 2,136,2,255
  224: 0,136,0,255
  225: 0,136,0,255
  226: 0,136,2,255
  227: 0,136,2,255
  228: 0,136,4,255
  229: 0,136,4,255
  230: 0,136,6,255
  231: 0,136,6,255
  232: 0,136,8,255
  233: 0,136,8,255
  234: 0,136,10,255
  235: 0,136,10,255
  236: 0,136,12,255
  237: 0,136,12,255
  238: 0,136,14,255
  239: 0,136,14,255
  240: 0,136,16,255
  241: 0,136,16,255
  242: 0,136,18,255
  243: 0,136,18,255
  244: 0,136,20,255
  245: 0,136,20,255
  246: 0,136,22,255
  247: 0,136,22,255
  248: 0,136,24,255
  249: 0,136,24,255
  250: 0,136,26,255
  251: 0,136,26,255
  252: 0,136,28,255
  253: 0,136,28,255
  254: 0,136,30,255
  255: 0,0,0,255